1 sec
0

2 sec
00
Choice:
1(1)

3 sec
000
Choice:
1(10)
2(01)

4 sec
0000
Choice:
1(100)
1.1(11)
2(010)
3(001)
3.1(11)

5 sec
00000
Choice:
1(1000)
1.1(110)
1.2(101)
2(0100)
2.1(011)
3(0010)
3.1(110)
4(0001)
4.1(101)
4.2(011)

6 sec
000000
1(10000)
1.1(1100)
1.1.1(111)
1.2(1010)
1.3(1001)
1.3.1(111)
2(01000)
2.1(0110)
2.2(0101)
3(00100)
3.1(1100)
3.1.1(111)
3.2(0011)
3.2.1(111)
4(00010)
4.1(1010)
4.2(0110)
5(00001)
5.1(1001)
5.1.1(111)
5.2(0101)
5.3(0011)
5.3.1(111)

7 sec
0000000
1(100000)
1.1(11000)
1.2(10100)
1.3(10010)
1.4(10001)
2(010000)
2.1(01100)
2.2(01010)
2.3(01001)
3(001000)
3.1(11000)
3.2(00110)
3.3(00101)
4(000100)
4.1(10100)
4.2(01100)
4.3(00011)
5(000010)
5.1(10010)
5.2(01010)
5.3(00110)
6(000001)
